# Camera parameter file. 

# The format of each camera is as follows:
# Filename (of the undistorted image in visualize folder)
# Original filename
# Focal Length (of the undistorted image)
# 2-vec Principal Point (image center)
# 3-vec Translation T (as in P = K[R T])
# 3-vec Camera Position C (as in P = K[R -RC])
# 3-vec Axis Angle format of R
# 4-vec Quaternion format of R
# 3x3 Matrix format of R
# [Normalized radial distortion] = [radial distortion] * [focal length]^2
# 3-vec Lat/Lng/Alt from EXIF

# The nubmer of cameras in this reconstruction
20

00000000.jpg
/root/Desktop/soccer_data/frame_0000/soccer_game_side-cam19-f000000.jpg
3396.0847168
960 540
-0.00319475471042 -0.622036993504 2.53017520905
2.45459032059 -0.0232223272324 -0.873617529869
0.220388251206 1.22140629725 0.149627018457
0.810929936354 0.103157599979 0.57170625718 0.0700362384636
0.336496770382 0.00436261622235 0.941676795483
0.231540545821 0.968908727169 -0.0872269794345
-0.91277807951 0.247387364507 0.325023949146
-0.284613576653
0 0 0

00000001.jpg
/root/Desktop/soccer_data/frame_0000/soccer_game_side-cam17-f000000.jpg
3429.06689453
960 540
1.41816937923 -0.549878239632 2.24469470978
1.21597695351 -0.0378156304359 -2.42326426506
0.23475430203 1.00798778806 0.145541822784
0.866538122545 0.112107358962 0.481366466165 0.0695037715169
0.526912331581 -0.01252593752 0.849828541279
0.2283847332 0.965203166008 -0.12737698853
-0.818661034107 0.261204212904 0.511437773705
-0.291882123383
0 0 0

00000002.jpg
/root/Desktop/soccer_data/frame_0000/soccer_game_side-cam18-f000000.jpg
3267.81738281
960 540
0.776870191097 -0.59018611908 2.25250077248
1.72866237164 -0.0253266096115 -1.74262070656
0.244334130728 1.09925946362 0.126342473888
0.843745041762 0.115735120418 0.520692405985 0.059845349423
0.45060017705 0.0195359867066 0.89251601696
0.221512854099 0.966048777103 -0.132979735732
-0.864810526371 0.257624000311 0.430973827839
-0.26615656325
0 0 0

00000003.jpg
/root/Desktop/soccer_data/frame_0000/soccer_game_side-cam16-f000000.jpg
3303.44848633
960 540
2.10399603844 -0.595110177994 2.35710716248
0.626093029976 -0.0397937893867 -3.1533074379
0.247507999397 0.903042769825 0.128576558583
0.890403209643 0.11919906132 0.434902511262 0.0619220596028
0.614051699638 -0.00659130653366 0.789238810539
0.213951095939 0.963916063309 -0.158410400152
-0.759715557098 0.266130506992 0.593303740025
-0.262989644134
0 0 0

00000004.jpg
/root/Desktop/soccer_data/frame_0000/soccer_game_side-cam15-f000000.jpg
3220.23168945
960 540
2.6374464035 -0.62741881609 2.55433058739
0.199342131615 -0.046946823597 -3.71920514107
0.245762175928 0.834870249589 0.115178473447
0.905203247641 0.118973068948 0.404159327578 0.0557577113362
0.667094230652 -0.00477593857795 0.744960188866
0.197112306952 0.965474486351 -0.170319601893
-0.718425154686 0.260459631681 0.645002961159
-0.257095611142
0 0 0

00000005.jpg
/root/Desktop/soccer_data/frame_0000/soccer_game_side-cam14-f000000.jpg
3348.63476562
960 540
3.34680724144 -0.832020998001 2.96048951149
-0.677342772484 -0.0324884057045 -4.49422168732
0.259261510449 0.676777334812 0.0697701624964
0.934464627053 0.126786386035 0.330963714138 0.0341196297927
0.778597652912 0.020156186074 0.627199113369
0.147690534592 0.965521872044 -0.214370056987
-0.609896421432 0.25953951478 0.748777031898
-0.269113326664
0 0 0

00000006.jpg
/root/Desktop/soccer_data/frame_0000/soccer_game_side-cam13-f000000.jpg
3349.14941406
960 540
4.23278141022 -0.651276350021 3.40284323692
-1.68476235867 -0.00859099626541 -5.20398712158
0.230445529908 0.564036349258 0.119363771202
0.952199916915 0.113380961099 0.277510192536 0.058727887257
0.839079737663 -0.0489127896726 0.541807055473
0.174769967794 0.967392206192 -0.183327361941
-0.51517367363 0.248518005013 0.820266783237
-0.283086138469
0 0 0

00000007.jpg
/root/Desktop/soccer_data/frame_0000/soccer_game_side-cam12-f000000.jpg
3355.6940918
960 540
4.87600851059 -0.840853691101 3.95230197906
-2.65913152695 -0.00845861434937 -5.74736166
0.246201960259 0.438785622146 0.096450195778
0.967372815215 0.121759232357 0.21700152373 0.0476994650499
0.901270449162 -0.0394424907863 0.431458175182
0.145130172372 0.965799093246 -0.214871257544
-0.408227324486 0.25627502799 0.876171112061
-0.306635370081
0 0 0

00000008.jpg
/root/Desktop/soccer_data/frame_0000/soccer_game_side-cam11-f000000.jpg
3274.31030273
960 540
5.35415363312 -0.946956813335 4.63295030594
-3.67731976509 0.0114105939865 -6.12414264679
0.248697536002 0.299418067875 0.0918093295746
0.980075422932 0.123521800226 0.14871341051 0.0455993808742
0.95161062479 -0.0526429265738 0.302765518427
0.126120403409 0.965326964855 -0.228558853269
-0.280235916376 0.255683869123 0.925253748894
-0.301547740728
0 0 0

00000009.jpg
/root/Desktop/soccer_data/frame_0000/soccer_game_side-cam20-f000000.jpg
3360.83911133
960 540
-0.767241418362 -0.712121188641 2.9420568943
3.12189388275 -0.000668585300446 0.0725963711739
0.200570970078 1.33905252178 0.159948044666
0.776501482019 0.0926965813926 0.618861199234 0.0739221480318
0.223094105721 -6.88086583978e-05 0.974797964096
0.229533821344 0.971886336803 -0.0524629428983
-0.947388589382 0.235453188419 0.216837763786
-0.266519239613
0 0 0

00000010.jpg
/root/Desktop/soccer_data/frame_0000/soccer_game_goal-cam10-f000000.jpg
3351.07470703
960 540
5.91271591187 -1.54347753525 6.41414022446
-5.93153047562 0.0246654748917 -6.58028411865
0.248096482391 -0.00493781649739 0.0170481868847
0.992276638262 0.123728719979 -0.00246254887947 0.00850213723658
0.999843537807 -0.0174823105335 -0.00278297741897
0.0162635780871 0.969237565994 -0.245588213205
0.00699114147574 0.245504260063 0.969370603561
-0.30540101365
0 0 0

00000011.jpg
/root/Desktop/soccer_data/frame_0000/soccer_game_goal-cam09-f000000.jpg
3362.23413086
960 540
6.23505115509 -1.76612854004 7.38259124756
-7.33398389816 0.0259736776352 -6.53527641296
0.245259513006 -0.15640001546 -0.00311330440474
0.989441044098 0.122197837847 -0.0779245766826 -0.00155116946191
0.987851500511 -0.015974810347 -0.154582649469
-0.0221139732748 0.970131576061 -0.241573318839
0.153824448586 0.242056906223 0.957991242409
-0.298312767847
0 0 0

00000012.jpg
/root/Desktop/soccer_data/frame_0000/soccer_game_goal-cam08-f000000.jpg
3381.45751953
960 540
6.46842765808 -2.12795853615 8.24889945984
-8.67293167114 0.0254366397858 -6.26041507721
0.22466446288 -0.2915588838 -0.059208649554
0.982677108039 0.111682839543 -0.144936691898 -0.0294331823687
0.956254482269 0.02547297813 -0.2914262712
-0.0902202799916 0.973321795464 -0.210964486003
0.278277605772 0.228028193116 0.93304091692
-0.322004103126
0 0 0

00000013.jpg
/root/Desktop/soccer_data/frame_0000/soccer_game_goal-cam07-f000000.jpg
3243.58496094
960 540
6.33860254288 -2.59892225266 9.31063461304
-10.0213851929 0.012547492981 -5.76124858856
0.245819023486 -0.462923865428 -0.0822664119385
0.965019248723 0.121472985727 -0.228756681645 -0.0406524545639
0.892035543919 0.0228852126747 -0.451385438442
-0.134036391973 0.96718287468 -0.215848386288
0.431632965803 0.253046691418 0.865830183029
-0.31273191369
0 0 0

00000014.jpg
/root/Desktop/soccer_data/frame_0000/soccer_game_goal-cam06-f000000.jpg
3239.38793945
960 540
6.25391101837 -2.55788731575 10.3300848007
-11.2823123932 0.00482296943665 -5.00742721558
0.233828596999 -0.618634397628 -0.0758323933635
0.945117835817 0.114767532313 -0.303637553878 -0.0372199840712
0.812838554382 0.000659044482745 -0.58249014616
-0.140050038695 0.970886588097 -0.194334834814
0.565402925014 0.239540532231 0.789265751839
-0.338852161892
0 0 0

00000015.jpg
/root/Desktop/soccer_data/frame_0000/soccer_game_goal-cam05-f000000.jpg
3396.38671875
960 540
6.15811014175 -2.63376736641 10.8461141586
-11.8931722641 -0.0012800693512 -4.58800649643
0.242540781003 -0.6967083311 -0.0710876746124
0.932121936258 0.118513902566 -0.340436041013 -0.0347359223789
0.765793800354 -0.0159365218133 -0.642889022827
-0.145448982716 0.969495892525 -0.197288125753
0.626422584057 0.24458950758 0.740115523338
-0.327779135763
0 0 0

00000016.jpg
/root/Desktop/soccer_data/frame_0000/soccer_game_goal-cam04-f000000.jpg
3278.94873047
960 540
5.43027591705 -2.87348771095 11.8998622894
-12.9149150848 -0.00977540016174 -3.54353237152
0.233769309695 -0.882610015032 -0.0951516886565
0.896498719477 0.112823551009 -0.425972067001 -0.045922843391
0.632878243923 -0.0137798925862 -0.774128973484
-0.178458973765 0.970323979855 -0.163168609142
0.753404676914 0.241416066885 0.611637592316
-0.309578772041
0 0 0

00000017.jpg
/root/Desktop/soccer_data/frame_0000/soccer_game_goal-cam03-f000000.jpg
3286.11254883
960 540
5.07611465454 -3.39591884613 12.4966878891
-13.7118682861 -0.0136780738831 -2.33476042747
0.217821010273 -1.0189679447 -0.156783307856
0.864390777877 0.103941407968 -0.486238507084 -0.0748149948624
0.515950322151 0.0282582882792 -0.856152951717
-0.230419278145 0.967197835445 -0.106936194003
0.825047373772 0.252447783947 0.505537509918
-0.297254392198
0 0 0

00000018.jpg
/root/Desktop/soccer_data/frame_0000/soccer_game_goal-cam02-f000000.jpg
3286.54443359
960 540
4.74009132385 -3.32791829109 13.1214189529
-14.3042583466 -0.0241131782532 -1.05014038086
0.218428614198 -1.15399912457 -0.147387301574
0.829909718204 0.102948994126 -0.543898744829 -0.0694660564494
0.398696959019 0.00331351323985 -0.917076408863
-0.227288708091 0.969152152538 -0.0953116863966
0.888471007347 0.246441796422 0.387151449919
-0.304079961805
0 0 0

00000019.jpg
/root/Desktop/soccer_data/frame_0000/soccer_game_goal-cam01-f000000.jpg
3282.07055664
960 540
2.47207427025 -3.89540576935 13.9142208099
-14.6558675766 -0.0276346206665 0.309663295746
0.179501371949 -1.40561645291 -0.233922127477
0.753054258479 0.0822334656828 -0.64394333641 -0.107164792299
0.147705972195 0.0554946027696 -0.987473428249
-0.267309010029 0.963507056236 0.0141636393964
0.952223658562 0.261868685484 0.157149836421
-0.305526894381
0 0 0

